#228 
#5 
5.677,0.036,0.002,3.335,0.0
5.677,0.027,0.002,3.616,0.0
5.677,0.039,0.001,3.236,0.0
5.677,0.047,0.002,3.055,0.0
5.677,0.125,0.001,2.079,0.0
5.677,0.109,0.001,2.212,0.0
5.55,0.082,0.003,2.499,0.0
5.55,0.088,0.003,2.429,0.0
5.55,0.061,0.002,2.791,0.0
5.55,0.109,0.003,2.216,0.0
5.55,0.144,0.003,1.936,0.0
5.816,0.018,0.024,2.922,1.0
5.816,0.002,0.017,3.358,1.0
5.816,0.046,0.02,3.069,0.0
5.816,0.162,0.017,1.822,0.0
5.816,0.151,0.017,1.89,0.0
5.93,0.015,0.002,4.222,0.0
5.93,0.016,0.003,4.127,0.0
5.93,0.038,0.002,3.274,0.0
5.93,0.119,0.002,2.132,0.0
5.93,0.067,0.002,2.702,0.0
5.977,0.004,0.0,5.464,0.0
5.977,0.003,0.0,5.921,0.0
5.977,0.03,0.0,3.508,0.0
5.977,0.078,0.0,2.552,0.0
5.977,0.161,0.0,1.828,0.0
5.778,0.0,0.0,7.205,1.0
5.778,0.056,0.0,7.181,1.0
5.778,0.056,0.0,2.886,0.0
5.778,0.061,0.001,2.791,0.0
5.778,0.133,0.0,2.014,0.0
5.778,0.206,0.0,1.58,0.0
5.426,0.038,0.006,3.27,0.0
5.426,0.056,0.005,2.884,0.0
5.426,0.105,0.005,2.257,0.0
5.426,0.061,0.007,2.803,0.0
5.426,0.153,0.005,1.88,0.0
6.112,0.008,0.009,3.976,1.0
6.112,-0.001,0.012,3.769,1.0
6.112,0.007,0.013,3.425,1.0
6.112,0.021,0.011,3.886,0.0
6.112,0.077,0.012,2.57,0.0
5.892,0.027,0.016,3.606,0.0
5.892,0.099,0.013,2.316,0.0
5.892,0.156,0.013,1.86,0.0
5.892,0.098,0.013,2.318,0.0
5.892,0.051,0.01,2.983,0.0
5.766,0.037,0.019,3.306,0.0
5.766,0.065,0.016,2.729,0.0
5.766,0.125,0.018,2.078,0.0
5.766,0.192,0.021,1.649,0.0
5.766,0.158,0.017,1.847,0.0
5.93,0.015,0.01,4.185,0.0
5.93,0.004,0.006,4.398,1.0
5.93,0.017,0.008,4.099,0.0
5.93,0.075,0.012,2.586,0.0
5.93,0.075,0.009,2.588,0.0
5.93,0.003,0.009,4.0381,1.0
5.93,0.044,0.005,3.125,0.0
5.93,0.028,0.007,3.581,0.0
5.93,0.047,0.01,3.049,0.0
5.93,0.06,0.008,2.817,0.0
5.761,-0.005,0.004,5.137,1.0
5.761,0.018,0.003,4.019,0.0
5.761,0.042,0.003,3.172,0.0
5.761,0.063,0.002,2.764,0.0
5.761,0.071,0.003,2.64,0.0
5.892,0.024,0.01,3.736,0.0
5.892,0.069,0.004,2.668,0.0
5.892,0.084,0.009,2.476,0.0
5.892,0.062,0.01,2.783,0.0
5.892,0.0,0.035,0.006,0.0
5.721,0.036,0.019,3.291,1.0
5.721,0.022,0.018,3.305,1.0
5.721,0.022,0.017,3.407,1.0
5.721,0.133,0.011,3.858,1.0
5.721,0.025,0.013,3.613,1.0
5.657,0.06,0.017,2.821,0.0
5.657,0.077,0.017,2.566,0.0
5.657,0.065,0.015,2.73,0.0
5.657,0.086,0.015,2.45,0.0
5.657,0.17,0.015,1.771,0.0
5.657,0.163,0.015,1.817,0.0
5.711,0.02,0.002,3.9,0.0
5.711,0.083,0.002,2.49,0.0
5.711,0.16,0.002,1.833,0.0
5.711,0.066,0.003,2.724,0.0
5.711,0.109,0.001,2.216,0.0
5.512,0.099,0.001,2.318,0.0
5.512,0.047,0.001,3.049,0.0
5.512,0.102,0.001,2.28,0.0
5.512,0.096,0.001,2.346,0.0
5.512,0.12,0.001,2.121,0.0
5.544,0.014,0.004,4.291,0.0
5.544,0.138,0.004,1.981,0.0
5.544,0.0,0.0,0.0,0.0
5.544,0.132,0.004,2.027,0.0
5.544,0.188,0.004,1.671,0.0
5.673,0.086,0.007,2.458,0.0
5.673,0.048,0.01,3.03,0.0
5.673,0.186,0.01,1.684,0.0
5.673,0.0,0.0,0.0,0.0
5.673,0.095,0.013,2.355,0.0
5.475,0.081,0.001,2.509,0.0
5.475,0.111,0.001,2.197,0.0
5.475,0.103,0.001,2.273,0.0
5.475,0.183,0.001,1.7,0.0
5.475,0.231,0.001,1.466,0.0
5.986,0.003,0.001,5.842,0.0
5.986,0.022,0.001,3.825,0.0
5.986,0.036,0.001,3.311,0.0
5.986,0.067,0.001,2.7,0.0
5.986,0.134,0.001,2.006,0.0
5.502,0.076,0.003,2.571,0.0
5.502,0.049,0.003,3.007,0.0
5.502,0.072,0.003,2.637,0.0
5.502,0.145,0.003,1.928,0.0
5.502,0.14,0.003,1.965,0.0
5.88,0.027,0.003,3.625,0.0
5.88,-0.005,0.003,5.636,1.0
5.88,0.085,0.003,2.468,0.0
5.88,0.094,0.003,2.366,0.0
5.88,0.176,0.006,1.739,0.0
6.735,0.001,0.002,5.6,1.0
6.735,0.005,0.001,5.25,0.0
6.735,0.005,0.001,5.214,0.0
6.735,0.003,0.001,5.759,0.0
6.735,0.009,0.001,4.747,0.0
5.721,0.065,0.003,2.737,0.0
5.721,0.125,0.003,2.076,0.0
5.721,0.138,0.002,1.983,0.0
5.721,0.115,0.002,2.163,0.0
5.721,0.063,0.003,2.773,0.0
6.092,0.005,0.001,5.291,0.0
6.092,0.01,0.001,4.639,0.0
6.092,0.015,0.001,4.224,0.0
6.092,0.073,0.001,2.612,0.0
6.092,0.063,0.001,2.758,0.0
5.835,-0.002,0.006,4.401,1.0
5.835,0.012,0.005,4.416,0.0
5.835,0.008,0.005,4.797,0.0
5.835,0.028,0.005,3.563,0.0
5.835,0.119,0.005,2.127,0.0
5.711,0.02,0.009,3.927,0.0
5.711,0.013,0.013,3.653,1.0
5.711,0.132,0.013,2.022,0.0
5.711,0.089,0.008,2.422,0.0
5.711,0.102,0.008,2.282,0.0
5.707,0.081,0.001,2.51,0.0
5.707,0.072,0.001,2.636,0.0
5.707,0.108,0.001,2.224,0.0
5.707,0.073,0.001,2.614,0.0
5.707,0.146,0.001,1.922,0.0
5.818,0.023,0.001,3.791,0.0
5.818,0.025,0.001,3.677,0.0
5.818,0.046,0.001,3.083,0.0
5.818,0.061,0.001,2.8,0.0
5.818,0.142,0.001,1.953,0.0
5.598,0.038,0.005,3.26,0.0
5.598,0.076,0.005,2.572,0.0
5.598,0.151,0.006,1.894,0.0
5.598,0.164,0.005,1.806,0.0
5.598,0.144,0.006,1.937,0.0
5.623,0.049,0.005,3.019,0.0
5.623,0.086,0.005,2.45,0.0
5.623,0.058,0.005,2.845,0.0
5.623,0.131,0.004,2.035,0.0
5.623,0.076,0.005,2.581,0.0
5.806,0.015,0.001,4.202,0.0
5.806,0.043,0.001,3.145,0.0
5.806,0.067,0.001,2.699,0.0
5.806,0.074,0.001,2.605,0.0
5.806,0.12,0.001,2.118,0.0
5.778,0.036,0.003,3.332,0.0
5.778,0.069,0.002,2.673,0.0
5.778,0.066,0.002,2.724,0.0
5.778,0.07,0.001,2.657,0.0
5.778,0.095,0.002,2.35,0.0
5.844,0.037,0.023,3.291,0.0
5.844,0.035,0.018,3.349,0.0
5.844,0.066,0.027,2.716,0.0
5.844,0.21,0.026,1.561,0.0
5.844,0.217,0.027,1.526,0.0
5.416,0.099,0.009,2.31,0.0
5.416,0.091,0.006,2.394,0.0
5.416,0.114,0.006,2.169,0.0
5.416,0.085,0.007,2.461,0.0
5.416,0.138,0.005,1.978,0.0
5.416,0.0,0.0,0.0,0.0
5.416,0.0,0.0,0.0,0.0
5.416,0.039,0.003,3.246,0.0
5.416,0.026,0.003,3.634,0.0
5.416,0.061,0.003,2.802,0.0
5.747,0.007,0.006,4.925,0.0
5.747,0.007,0.005,4.896,0.0
5.747,0.116,0.005,2.155,0.0
5.747,0.117,0.004,2.148,0.0
5.747,0.11,0.005,2.211,0.0
5.73,0.026,0.013,3.634,0.0
5.73,0.12,0.014,2.123,0.0
5.73,0.141,0.013,1.959,0.0
5.73,0.061,0.01,2.793,0.0
5.73,0.178,0.013,1.723,0.0
5.728,0.007,0.002,4.944,0.0
5.728,0.084,0.002,2.472,0.0
5.728,0.079,0.002,2.544,0.0
5.728,0.088,0.001,2.431,0.0
5.728,0.144,0.002,1.941,0.0
5.835,-0.018,0.024,3.04,1.0
5.835,-0.01,0.018,3.325,1.0
5.835,0.042,0.021,3.174,0.0
5.835,0.025,0.018,3.687,0.0
5.835,0.118,0.017,2.141,0.0
5.695,0.022,0.0,3.838,0.0
5.695,0.053,0.0,2.941,0.0
5.695,0.078,0.0,2.547,0.0
5.695,0.091,0.001,2.402,0.0
5.695,0.168,0.001,1.783,0.0
5.803,-0.002,0.004,4.907,1.0
5.803,0.043,0.003,3.15,0.0
5.803,0.041,0.003,3.183,0.0
5.803,0.074,0.002,2.601,0.0
5.803,0.117,0.002,2.142,0.0
6.083,0.004,0.007,4.328,1.0
6.083,0.004,0.009,4.0299,1.0
6.083,0.004,0.009,4.067,1.0
6.083,0.086,0.007,2.457,0.0
6.083,0.204,0.007,1.588,0.0
