#5.0
0.097394, -0.00014887
0.30280, -0.00027953
0.50820, -0.00041019
0.71360, -0.00054085
0.91900, -0.00067152
1.1244, -0.00080218
1.3298, 0.020036
1.5082, 0.069519
1.5959, 0.14227
1.7006, 0.21594
1.7985, 0.30241
1.8793, 0.37426
1.9180, 0.46053
1.9753, 0.53444
2.0414, 0.63405
2.1463, 0.73704
2.2541, 0.81683
2.3547, 0.89891
2.5249, 0.95798
2.7303, 0.99002
2.9357, 0.99649
3.1411, 0.99636
3.3465, 0.99623
3.5519, 0.99610
3.7573, 0.99597
3.9627, 0.99584
4.1681, 0.99571
4.3735, 0.99558
4.5789, 0.99545
4.7843, 0.99532
4.9897, 0.99519
5.1951, 0.99506
5.4005, 0.99493
5.6059, 0.99480
5.8113, 0.99467
6.0167, 0.99453
6.2221, 0.99440
6.4275, 0.99427
6.6329, 0.99414
6.8383, 0.99401
7.0437, 0.99388
7.2491, 0.99375
7.4545, 0.99362
7.6599, 0.99349
7.8653, 0.99336
7.9867, 0.99328
#5.2
0.086791, 0.0024167
0.29200, 0.0023516
0.49721, 0.0022865
0.70242, 0.0022214
0.90762, 0.0021563
1.1128, 0.0020912
1.3180, 0.0066103
1.5232, 0.012275
1.6831, 0.061161
1.8087, 0.13140
1.9057, 0.20473
1.9736, 0.27871
2.0643, 0.35122
2.1389, 0.42198
2.1948, 0.48867
2.2578, 0.56311
2.2695, 0.64781
2.3410, 0.71029
2.3814, 0.77762
2.4400, 0.84361
2.5866, 0.92133
2.7918, 0.96796
2.9970, 0.98480
3.2022, 0.98903
3.4074, 0.99728
3.6126, 0.99721
3.8178, 0.99715
4.0231, 0.99708
4.2283, 0.99702
4.4335, 0.99695
4.6387, 0.99689
4.8439, 0.99682
5.0491, 0.99676
5.2543, 0.99669
5.4595, 0.99663
5.6647, 0.99656
5.8699, 0.99650
6.0751, 0.99643
6.2803, 0.99637
6.4856, 0.99630
6.6908, 0.99624
6.8960, 0.99617
7.1012, 0.99611
7.3064, 0.99604
7.5116, 0.99598
7.7168, 0.99591
7.9127, 0.99585
#5.4
0.089960, 0.0027134
0.29555, 0.0027134
0.50115, 0.0027134
0.70674, 0.0027134
0.91234, 0.0027134
1.1179, 0.0027134
1.3235, 0.0027134
1.5291, 0.0038594
1.7347, 0.0095897
1.9216, 0.055591
2.0898, 0.14033
2.1950, 0.21765
2.2874, 0.29536
2.3969, 0.36695
2.5010, 0.43719
2.5758, 0.50619
2.6505, 0.58396
2.7720, 0.65090
2.9122, 0.71463
3.0991, 0.78947
3.2113, 0.86311
3.3421, 0.93531
3.5477, 0.95737
3.7533, 0.98545
3.9589, 0.98917
4.1645, 0.98917
4.3701, 0.99605
4.5756, 0.99863
4.7812, 0.99863
4.9868, 0.99863
5.1924, 0.99863
5.3980, 0.99863
5.6036, 0.99863
5.8092, 0.99863
6.0148, 0.99863
6.2204, 0.99863
6.4260, 0.99863
6.6316, 0.99863
6.8372, 0.99863
7.0428, 0.99863
7.2484, 0.99863
7.4540, 0.99863
7.6596, 0.99863
7.8652, 0.99863
7.9866, 1.0002
#5.6
0.11285, 0.00017575
0.31787, 0.00017575
0.52288, 0.00017575
0.72790, 0.00017575
0.93291, 0.00017575
1.1379, 0.00017575
1.3429, 0.00017575
1.5480, 0.00017575
1.7530, 0.00046299
1.9580, 0.0050588
2.1630, 0.021144
2.3680, 0.046134
2.5730, 0.10818
2.7428, 0.17255
2.8712, 0.24228
2.9458, 0.32658
3.0320, 0.41014
3.1353, 0.47149
3.2347, 0.53771
3.3651, 0.62157
3.5236, 0.70162
3.7006, 0.75928
3.8777, 0.82800
4.0827, 0.87712
4.2877, 0.88631
4.4927, 0.90786
4.6977, 0.92825
4.9028, 0.93974
5.1078, 0.94434
5.3128, 0.96358
5.5178, 0.98024
5.7228, 0.98599
5.9278, 0.98599
6.1329, 0.98857
6.3379, 0.99231
6.5429, 0.99231
6.7479, 0.99231
6.9529, 0.99231
7.1579, 0.99231
7.3629, 0.99231
7.5680, 0.99231
7.7730, 0.99231
7.9407, 0.99231
#5.8 dual
0.035776, 0.0036166
0.14813, 0.0036524
0.26048, 0.0036881
0.37284, 0.0037238
0.48519, 0.0037596
0.59754, 0.0037953
0.70990, 0.0038310
0.82225, 0.0038668
0.93460, 0.0039025
1.0470, 0.0039382
1.1593, 0.0039740
1.2717, 0.0040097
1.3840, 0.0040454
1.4964, 0.0040812
1.6087, 0.0041169
1.7211, 0.0041527
1.8334, 0.0041884
1.9458, 0.0042241
2.0581, 0.0042599
2.1705, 0.0042956
2.2828, 0.0043313
2.3952, 0.0070001
2.5076, 0.015988
2.6199, 0.017077
2.7323, 0.025275
2.8404, 0.051329
2.9570, 0.070898
3.0787, 0.074097
3.1817, 0.099143
3.2940, 0.12432
3.4008, 0.14940
3.4953, 0.18640
3.6124, 0.20255
3.7060, 0.24049
3.7475, 0.29368
3.8340, 0.32535
3.9588, 0.35278
4.0543, 0.38216
4.1419, 0.42551
4.2448, 0.47029
4.3539, 0.52128
4.4246, 0.56703
4.5224, 0.59969
4.5112, 0.56114
4.6123, 0.63795
4.6891, 0.69109
4.7265, 0.73380
4.6766, 0.64124
4.7640, 0.77015
4.8389, 0.81696
4.8603, 0.77340
4.9419, 0.85723
4.9419, 0.80710
5.0542, 0.86148
5.0542, 0.80776
5.1708, 0.86898
5.1599, 0.80825
5.2789, 0.91210
5.2715, 0.85523
5.3956, 0.91415
5.3913, 0.86053
5.5037, 0.92402
5.5037, 0.86162
5.6160, 0.92985
5.6160, 0.86166
5.7350, 0.94791
5.7350, 0.86215
5.8407, 0.95020
5.8314, 0.86910
5.9437, 0.95690
5.9531, 0.88072
6.0654, 0.96923
6.0654, 0.88076
6.1778, 0.96926
6.1778, 0.88079
6.2901, 0.96930
6.2901, 0.88083
6.4025, 0.96933
6.4025, 0.88086
6.5148, 0.97190
6.5148, 0.88090
6.6272, 0.98204
6.6272, 0.88094
6.7395, 0.98208
6.7395, 0.88097
6.8519, 0.98212
6.8519, 0.88101
6.9642, 0.98215
6.9642, 0.88104
7.0766, 0.98219
7.0766, 0.88108
7.1983, 0.98468
7.1890, 0.88111
7.2946, 1.0026
7.3013, 0.88115
7.4137, 1.0076
7.4137, 0.88119
7.5260, 1.0076
7.5260, 0.88122
7.6384, 1.0076
7.6384, 0.88126
7.7507, 1.0077
7.7507, 0.88129
7.8631, 1.0077
7.8631, 0.88133
7.9661, 1.0077
7.9661, 0.88136
#6.0 dual
0.047620, 0.0011037
0.15945, 0.0012105
0.27127, 0.0013172
0.38310, 0.0014239
0.49493, 0.0015306
0.60675, 0.0016373
0.71858, 0.0017440
0.83041, 0.0018507
0.94223, 0.0019574
1.0541, 0.0020641
1.1659, 0.0021708
1.2777, 0.0022775
1.3895, 0.0023842
1.5014, 0.0024909
1.6132, 0.0025976
1.7250, 0.0027043
1.8368, 0.0028110
1.9487, 0.0029177
2.0605, 0.0030244
2.1723, 0.0031311
2.2842, 0.0032378
2.3960, 0.0033446
2.5078, 0.0034513
2.6196, 0.0035580
2.7315, 0.0036647
2.8358, 0.027146
2.9551, 0.044954
3.0669, 0.048746
3.1082, 0.084821
3.2160, 0.096810
3.2906, 0.12979
3.4024, 0.14333
3.5142, 0.14344
3.6261, 0.14354
3.7379, 0.14628
3.7752, 0.18687
3.8870, 0.19171
3.9771, 0.22287
4.0780, 0.26878
4.0547, 0.23874
4.1852, 0.28626
4.2970, 0.28637
4.4089, 0.28647
4.5164, 0.31501
4.5766, 0.37932
4.5300, 0.27711
4.5859, 0.34036
4.6512, 0.42784
4.6512, 0.38939
4.7630, 0.43268
4.8531, 0.46384
4.9307, 0.43232
4.9680, 0.47975
5.0472, 0.43480
5.0891, 0.47986
5.1051, 0.52186
5.1557, 0.56614
5.1575, 0.47993
5.2289, 0.52739
5.2662, 0.57482
5.3407, 0.52750
5.3780, 0.57493
5.4619, 0.52998
5.4992, 0.56754
5.5271, 0.62036
5.5719, 0.52708
5.6017, 0.66888
5.6017, 0.62885
5.6762, 0.54440
5.7135, 0.71322
5.6949, 0.67634
5.7974, 0.57849
5.8160, 0.72195
5.8440, 0.76284
5.8533, 0.62348
5.8533, 0.57222
5.9558, 0.76980
5.9558, 0.63156
6.0303, 0.80383
6.0676, 0.67143
6.0303, 0.62926
6.1049, 0.86052
6.1049, 0.82049
6.1794, 0.89798
6.1794, 0.71366
6.1608, 0.67678
6.2913, 0.91388
6.2913, 0.71798
6.3285, 0.95394
6.4031, 0.71809
6.4404, 0.95826
6.5149, 0.71820
6.5522, 0.95836
6.6268, 0.71830
6.6640, 0.95847
6.7386, 0.71841
6.7759, 0.95858
6.8504, 0.71852
6.8877, 0.95868
6.9622, 0.71862
6.9995, 0.95879
7.0741, 0.71873
7.1113, 0.96311
7.1486, 1.0053
7.1859, 0.71884
7.2604, 1.0096
7.2977, 0.71894
7.3723, 1.0097
7.4095, 0.71905
7.4841, 1.0098
7.5214, 0.71916
7.5959, 1.0099
7.6332, 0.71926
7.7077, 1.0100
7.7450, 0.71937
7.8196, 1.0101
7.8568, 0.71948
7.9221, 1.0102
7.9594, 0.71957
