z=4
-21.75,-1.54,0.07,
-21.25,-1.61,0.04,
-20.75,-1.70,0.03,
-20.25,-1.80,0.02,
-19.75,-1.81,0.03,
-19.25,-1.90,0.02,
-18.75,-1.97,0.06,
-18.25,-1.99,0.06,
-17.75,-2.09,0.08,
-17.25,-2.09,0.07,
-16.75,-2.23,0.10,
-16.25,-2.15,0.12,
-15.75,-2.15,0.12,
z=5
-21.75,-1.36,0.48,
-21.25,-1.62,0.11,
-20.75,-1.74,0.05,
-20.25,-1.85,0.05,
-19.75,-1.82,0.04,
-19.25,-2.01,0.07,
-18.75,-2.12,0.10,
-18.25,-2.16,0.09,
-17.75,-2.09,0.10,
-17.25,-2.27,0.14,
-16.50,-2.16,0.17,
z=6
-21.75,-1.55,0.17,
-21.25,-1.58,0.10,
-20.75,-1.74,0.10,
-20.25,-1.90,0.09,
-19.75,-1.90,0.13,
-19.25,-2.22,0.18,
-18.75,-2.26,0.14,
-18.25,-2.19,0.22,
-17.75,-2.40,0.30,
-17.00,-2.24,0.20,
z=7
-21.25,-1.75,0.18,
-19.95,-1.89,0.13,
-18.65,-2.30,0.18,
-17.35,-2.42,0.28,
z=8
-19.95,-2.30,0.01,
-18.65,-1.41,0.60,
z=8.5
-18.50,-2.06,0.51,