#Redshift, log(⁠M∗/M⊙)a,+,-,Td(K)b,+,-,log(⁠Md/M⊙)c,+,-
6.496,9.37,0.85,1.0,44,15,8,7.11,0.26,0.29
6.749,9.23,0.64,0.68,54,16,10,7.11,0.19,0.22
7.349,9.15,0.93,0.70,54,16,9,7.09,0.16,0.22
7.084,8.94,0.80,0.70,56,13,9,6.87,0.16,0.19
7.675,9.70,0.56,0.73,39,12,7,7.28,0.31,0.31
7.369,9.00,0.69,0.69,56,15,10,6.98,0.13,0.19
7.306,10.1,0.15,0.18,56,15,14,7.55,0.30,0.21
7.090,9.90,0.25,0.34,41,15,9,7.13,0.36,0.32
6.685,9.83,0.19,0.19,42,16,10,7.10,0.36,0.32
6.729,9.76,0.35,0.37,40,15,9,7.20,0.34,0.32
6.577,9.79,0.74,1.27,47,18,10,7.43,0.29,0.29
6.847,8.77,0.57,0.57,67,12,9,6.82,0.09,0.13
7.365,9.69,0.45,0.99,44,17,10,7.06,0.35,0.31 