2.15e+7, 0.000236
2.42e+7, 0.000309
2.76e+7, 0.000415
3.46e+7, 0.000559
4.55e+7, 0.000574
6.07e+7, 0.000571
8.09e+7, 0.000581
1.08e+8, 0.000595
1.44e+8, 0.000615
1.92e+8, 0.000646
2.56e+8, 0.000663
3.42e+8, 0.000700
4.56e+8, 0.000736
6.08e+8, 0.000756
8.11e+8, 0.000801
1.08e+9, 0.000838
1.44e+9, 0.000859
1.93e+9, 0.000888
2.57e+9, 0.000914
3.43e+9, 0.000943
4.57e+9, 0.000973
6.10e+9, 0.000996
8.14e+9, 0.00102
1.09e+10, 0.00104
1.46e+10, 0.00107
1.90e+10, 0.00115
2.58e+10, 0.00114
3.38e+10, 0.00117
4.58e+10, 0.00115
6.12e+10, 0.00117
8.16e+10, 0.00119
1.09e+11, 0.00116
1.45e+11, 0.00120
1.94e+11, 0.00119
2.52e+11, 0.00116
3.08e+11, 0.00115
