8.0600, 4.6512
8.1200, 4.7552
8.1800, 4.8362
8.2400, 4.9229
8.3000, 5.0234
8.3600, 5.0925
8.4200, 5.1763
8.4800, 5.2606
8.5400, 5.3438
8.6000, 5.4260
8.6600, 5.5078
8.7200, 5.5848
8.7800, 5.6664
8.8400, 5.7443
8.9000, 5.8338
8.9600, 5.8933
9.0200, 5.9647
9.0800, 6.0443
9.1400, 6.1097
9.2000, 6.1847
9.2600, 6.2579
9.3200, 6.3416
9.3800, 6.4048
9.4400, 6.4908
9.5000, 6.5716
9.5600, 6.6212
9.6200, 6.6919
9.6800, 6.7249
9.7400, 6.8106
9.8000, 6.9141
9.8600, 6.9853
9.9200, 7.0245
9.9800, 7.0847
10.040, 7.1711
10.100, 7.2304
10.160, 7.3041
10.220, 7.3530
10.280, 7.4123
10.340, 7.4745
10.400, 7.5429
10.460, 7.6225
10.520, 7.6638
10.580, 7.7273
10.640, 7.7828
10.700, 7.8449
10.760, 7.9189
10.820, 7.9714
10.880, 8.0326
10.940, 8.1038