3.4383e+7, -0.43763
4.5706e+7, -0.44272
6.9202e+7, -0.45562
9.2314e+7, -0.46626
1.2477e+8, -0.47716
1.7311e+8, -0.49388
2.3093e+8, -0.50002
3.0805e+8, -0.50262
4.1094e+8, -0.50033
5.4818e+8, -0.49797
7.3127e+8, -0.49459
9.7550e+8, -0.49101
1.3013e+9, -0.48642
1.7359e+9, -0.48264
2.3157e+9, -0.47954
3.0891e+9, -0.47657
4.1208e+9, -0.47319
5.4971e+9, -0.47054
7.3330e+9, -0.46779
9.7821e+9, -0.46382
1.3649e+10, -0.46083
1.7807e+10, -0.45374
2.3790e+10, -0.45324
3.1910e+10, -0.45161
4.2419e+10, -0.44868
5.6587e+10, -0.44802
7.5486e+10, -0.44793
1.0070e+11, -0.44963
1.3433e+11, -0.44809
1.7919e+11, -0.44674
2.3904e+11, -0.44740
2.9477e+11, -0.44402
