zphot	M1500	βJ−H	βPL 1σ
6.4 	-17.4 	-4.0 	1.5 
6.4 	-17.7 	-1.8 	1.1 
6.4 	-18.8 	-2.2 	0.7 
6.5 	-17.3 	-2.3 	1.2 
6.5 	-17.8 	-1.3 	1.1 
6.5 	-17.9 	-0.2 	0.7 
6.5 	-18.5 	-2.3 	0.6 
6.5 	-18.5 	-1.5 	0.6 
6.5 	-19.3 	-1.6 	0.3 
6.5 	-17.6 	-3.8 	1.2 
6.5 	-17.9 	0.8 	.1 
6.5 	-18.1 	-2.0 	0.6 
6.6 	-17.6 	-2.5 	1.1 
6.6 	-17.8 	-3.6 	0.7 
6.6 	-18.9 	-2.1 	0.6 
6.6 	-19.3 	-2.1 	0.6 
6.6 	-19.1 	-0.5 	0.3 
6.7 	-17.8 	-3.0 	1.1 
6.7 	-17.9 	-2.4 	0.7 
6.7 	-18.3 	-2.3 	0.6 
6.7 	-18.5 	-2.1 	0.7 
6.7 	-18.5 	-2.4 	0.6 
6.7 	-17.4 	-0.1 	0.9 
6.7 	-17.5 	-3.0 	1.1 
6.7 	-17.7 	-1.1 	1.1 
6.7 	-18.8 	-2.7 	0.7 
6.7 	-18.7 	-3.5 	0.5 
6.8 	-17.9 	-0.8 	0.8 
6.8 	-18.7 	-1.8 	0.6 
6.8 	-20.1 	-1.5 	0.3 
6.8 	-17.8 	-3.1 	1.0 
6.8 	-18.5 	-3.3 	0.6 
6.8 	-18.5 	-2.4 	0.4 
6.8 	-17.6 	-0.5 	1.0 
6.8 	-18.7 	-1.4 	0.6 
6.8 	-19.3 	-1.8 	0.3 
6.8 	-19.1 	-1.5 	0.3 
6.9 	-18.5 	-2.7 	0.5 
7.0 	-20.0 	-1.4 	0.6 
7.0 	-20.3 	-1.8 	0.3 
7.0 	-19.5 	-1.6 	0.3 
7.0 	-19.3 	-1.7 	0.3 
7.0 	-17.1 	0.4 	1.6 
7.0 	-17.5 	-2.4 	1.5 
7.0 	-18.2 	-0.6 	0.7 
7.0 	-17.2 	-0.3 	1.6 
7.0 	-17.8 	-3.4 	1.2 
7.0 	-19.3 	-1.7 	0.3 
7.0 	-19.4 	-2.0 	0.3 
7.0 	-19.6 	-1.9 	0.2 
7.0 	-19.1 	-2.3 	0.4 
7.1 	-19.7 	-2.3 	0.3 
7.1 	-19.2 	-2.4 	0.4 
7.2 	-18.1 	-1.5 	0.6 
7.2 	-18.2 	-3.3 	0.7 
7.2 	-17.8 	-0.6 	1.2 
7.3 	-17.7 	-3.5 	1.3 
7.3 	-17.9 	-4.0 	1.2 
7.3 	-18.2 	-3.6 	0.8 
7.3 	-19.1 	-0.9 	0.5 
7.3 	-18.4 	-2.2 	0.6 
7.4 	-19.3 	-1.7 	0.4 
7.5 	-17.9 	-2.2 	1.0 
7.5 	-18.0 	-4.0 	1.0 
7.5 	-19.9 	-1.4 	0.6 
7.5 	-18.9 	-1.0 	0.7 
7.5 	-20.0 	-1.5 	0.4 
7.5 	-20.4 	-1.1 	0.3 
7.7 	-19.4 	-1.8 	0.7 
7.7 	-18.7 	-1.4 	0.8 
7.7 	-18.9 	-1.9 	0.7 
7.7 	-19.0 	-0.7 	0.7 
7.7 	-19.6 	-2.1 	0.4 
7.7 	-18.1 	-2.2 	0.8 
7.7 	-18.2 	-1.2 	0.8 
7.8 	-18.3 	-2.9 	0.7 
7.8 	-17.8 	-2.8 	1.2 
7.8 	-17.9 	-2.7 	1.0 
7.8 	-19.2 	-2.5 	0.7 
8.0 	-18.2 	-3.6 	0.9 
8.0 	-18.7 	-2.4 	0.7 
8.1 	-18.9 	-1.4 	0.6 
8.3 	-18.5 	-1.9 	0.7

