#zabs	$\langle F\rangle $ 	${\sigma }_{\langle F\rangle }$ 	$\langle {\tau }_{\mathrm{eff}}^{\mathrm{Ly}\alpha }\rangle $ 	${\sigma }_{\langle {\tau }_{\mathrm{eff}}^{\mathrm{Ly}\alpha }\rangle }$
4.0, 0.4046, 0.0151, 0.9049, 0.0372
4.25, 0.3595, 0.0112, 1.0230, 0.0311
4.5, 0.2927, 0.0190, 1.2286, 0.0651
4.75, 0.1944, 0.0150, 1.6381, 0.0770
5.0, 0.1247, 0.0132, 2.0818, 0.1060
5.25, 0.0795, 0.0078, 2.5321, 0.0984
5.5, 0.0531, 0.0058, 2.9357, 0.1090
5.75, 0.0182, 0.0045, 4.0057, 0.2469
6.0, 0.0052, 0.0043, 4.7595, 0
6.25, −0.0025, 0.0007, 6.5843, 0