#Mstar (Msun), SMF (dex^-1, Mpc^-3 ... what are their bin sizes?)
#from kikuchihara et al. 2020
z6
1.5890e+6, 0.44336
4.6816e+6, 0.14469
1.0664e+7, 0.049581
1.8782e+7, 0.047074
3.1420e+7, 0.028171
5.2562e+7, 0.014677
9.0221e+7, 0.010810
1.5486e+8, 0.0049017
2.7274e+8, 0.0047626
4.5627e+8, 0.0024812
7.8317e+8, 0.0014506
1.3443e+9, 0.00064272
3.0622e+9, 0.00014531
z8
3.3941e+7, 0.0031020
1.0000e+8, 0.0010000
2.2201e+8, 0.0028943
3.8107e+8, 0.00089091
6.5410e+8, 0.00052368
1.1520e+9, 0.00021767
1.9272e+9, 0.000084415
3.3941e+9, 0.000041246
z9
1.3443e+7, 0.018725
3.7620e+7, 0.010307
1.1084e+8, 0.0013894
3.3507e+8, 0.0017547
9.6214e+8, 0.00066781
2.8347e+9, 0.000035785
