#puchwein2019
#z	ΓH i	HI	ΓHeI	HeI	ΓHe ii	HeII
#	(s-1)	(eV s-1)	(s-1)	(eV s-1)	(s-1)	(eV s-1)
0.0 	6.06e-14 	2.28e-13 	3.03e-14 	2.49e-13 	1.10e-15 	2.08e-14 
0.0491 	7.43e-14 	2.81e-13 	3.76e-14 	3.06e-13 	1.32e-15 	2.50e-14 
0.101 	9.08e-14 	3.44e-13 	4.63e-14 	3.75e-13 	1.59e-15 	3.00e-14 
0.155 	1.10e-13 	4.19e-13 	5.68e-14 	4.58e-13 	1.90e-15 	3.59e-14 
0.211 	1.34e-13 	5.09e-13 	6.94e-14 	5.58e-13 	2.26e-15 	4.28e-14 
0.271 	1.61e-13 	6.15e-13 	8.44e-14 	6.76e-13 	2.69e-15 	5.08e-14 
0.333 	1.94e-13 	7.40e-13 	1.02e-13 	8.15e-13 	3.19e-15 	6.00e-14 
0.399 	2.31e-13 	8.85e-13 	1.23e-13 	9.77e-13 	3.77e-15 	7.07e-14 
0.468 	2.75e-13 	1.05e-12 	1.46e-13 	1.17e-12 	4.43e-15 	8.27e-14 
0.54 	3.24e-13 	1.24e-12 	1.74e-13 	1.38e-12 	5.17e-15 	9.63e-14 
0.615 	3.81e-13 	1.46e-12 	2.05e-13 	1.62e-12 	6.00e-15 	1.11e-13 
0.695 	4.43e-13 	1.70e-12 	2.39e-13 	1.89e-12 	6.90e-15 	1.28e-13 
0.778 	5.13e-13 	1.97e-12 	2.77e-13 	2.19e-12 	7.88e-15 	1.45e-13 
0.865 	5.88e-13 	2.26e-12 	3.19e-13 	2.51e-12 	8.91e-15 	1.64e-13 
0.957 	6.69e-13 	2.56e-12 	3.63e-13 	2.85e-12 	9.97e-15 	1.83e-13 
1.05 	7.53e-13 	2.88e-12 	4.08e-13 	3.20e-12 	1.10e-14 	2.01e-13 
1.15 	8.38e-13 	3.20e-12 	4.54e-13 	3.55e-12 	1.19e-14 	2.18e-13 
1.26 	9.22e-13 	3.52e-12 	4.99e-13 	3.88e-12 	1.27e-14 	2.33e-13 
1.37 	1.00e-12 	3.81e-12 	5.39e-13 	4.17e-12 	1.32e-14 	2.43e-13 
1.49 	1.07e-12 	4.06e-12 	5.74e-13 	4.41e-12 	1.33e-14 	2.46e-13 
1.61 	1.13e-12 	4.26e-12 	6.01e-13 	4.58e-12 	1.30e-14 	2.43e-13 
1.74 	1.17e-12 	4.42e-12 	6.19e-13 	4.68e-12 	1.24e-14 	2.33e-13 
1.87 	1.20e-12 	4.52e-12 	6.29e-13 	4.70e-12 	1.15e-14 	2.18e-13 
2.01 	1.21e-12 	4.55e-12 	6.28e-13 	4.63e-12 	1.04e-14 	1.98e-13 
2.16 	1.21e-12 	4.52e-12 	6.17e-13 	4.46e-12 	8.92e-15 	1.72e-13 
2.32 	1.20e-12 	4.43e-12 	5.96e-13 	4.20e-12 	7.23e-15 	1.42e-13 
2.48 	1.17e-12 	4.29e-12 	5.66e-13 	3.86e-12 	5.30e-15 	1.07e-13 
2.65 	1.12e-12 	4.10e-12 	5.30e-13 	3.45e-12 	3.17e-15 	6.99e-14 
2.83 	1.07e-12 	3.89e-12 	4.93e-13 	3.03e-12 	1.21e-15 	3.45e-14 
3.02 	1.02e-12 	3.69e-12 	4.61e-13 	2.75e-12 	4.26e-16 	1.58e-14 
3.21 	9.68e-13 	3.50e-12 	4.33e-13 	2.54e-12 	2.10e-16 	9.00e-15 
3.42 	9.18e-13 	3.32e-12 	4.09e-13 	2.38e-12 	1.35e-16 	6.17e-15 
3.64 	8.73e-13 	3.17e-12 	3.90e-13 	2.24e-12 	9.56e-17 	4.51e-15 
3.87 	8.34e-13 	3.04e-12 	3.75e-13 	2.15e-12 	7.04e-17 	3.38e-15 
4.11 	8.02e-13 	2.94e-12 	3.65e-13 	2.09e-12 	5.30e-17 	2.56e-15 
4.36 	7.77e-13 	2.86e-12 	3.60e-13 	2.05e-12 	4.04e-17 	1.94e-15 
4.62 	7.58e-13 	2.81e-12 	3.59e-13 	2.04e-12 	2.98e-17 	1.44e-15 
4.89 	7.45e-13 	2.79e-12 	3.61e-13 	2.04e-12 	2.21e-17 	1.06e-15 
5.18 	7.32e-13 	2.76e-12 	3.63e-13 	2.05e-12 	1.66e-17 	7.72e-16 
5.49 	7.09e-13 	2.68e-12 	3.55e-13 	2.00e-12 	1.26e-17 	5.58e-16 
5.81 	6.09e-13 	2.29e-12 	2.97e-13 	1.66e-12 	9.88e-18 	4.02e-16 
6.14 	3.11e-15 	1.86e-14 	3.77e-15 	3.21e-14 	7.83e-18 	2.82e-16 
6.49 	7.29e-16 	4.41e-15 	8.94e-16 	7.65e-15 	3.45e-18 	1.45e-16 
6.86 	3.37e-16 	2.05e-15 	4.16e-16 	3.55e-15 	1.72e-18 	8.03e-17 
7.25 	2.15e-16 	1.32e-15 	2.68e-16 	2.26e-15 	9.34e-19 	4.54e-17 
7.65 	1.56e-16 	9.58e-16 	1.95e-16 	1.63e-15 	5.21e-19 	2.56e-17 
8.07 	1.20e-16 	7.44e-16 	1.52e-16 	1.26e-15 	2.94e-19 	1.43e-17 
8.52 	9.67e-17 	6.02e-16 	1.24e-16 	1.02e-15 	1.68e-19 	7.95e-18 
8.99 	7.96e-17 	4.99e-16 	1.03e-16 	8.49e-16 	9.97e-20 	4.46e-18 
9.48 	6.67e-17 	4.21e-16 	8.70e-17 	7.19e-16 	6.27e-20 	2.58e-18 
9.99 	5.66e-17 	3.58e-16 	7.43e-17 	6.15e-16 	4.28e-20 	1.56e-18 
10.5 	4.83e-17 	3.08e-16 	6.40e-17 	5.31e-16 	3.21e-20 	1.01e-18 
11.1 	4.15e-17 	2.65e-16 	5.52e-17 	4.59e-16 	2.59e-20 	6.96e-19 
11.7 	3.56e-17 	2.27e-16 	4.74e-17 	3.94e-16 	2.11e-20 	5.00e-19 
12.3 	3.06e-17 	1.96e-16 	4.08e-17 	3.39e-16 	1.78e-20 	3.72e-19 
13.0 	2.65e-17 	1.69e-16 	3.53e-17 	2.93e-16 	1.54e-20 	2.82e-19 
13.7 	2.30e–17 	1.47e-16 	3.06e-17 	2.55e-16 	1.33e-20 	2.13e-19 
14.4 	2.00e-17 	1.28e-16 	2.66e-17 	2.21e-16 	1.16e-20 	1.58e-19 
15.1 	1.74e-17 	1.11e-16 	2.32e-17 	1.92e-16 	1.01e-20 	1.10e-19 