NGC_6822,56.0,2.2,65,75,0.49,0.04,7.63,1.9,17.4,0.68,1.94,[2.5;],2,0.3,0.2,15.1,1.8,0.8,0.37
WLM,39.0,3.3,74,2.3,0.985,0.033,1.62,0.4,7.9,0.75,1.04,[0;],0.83,0.2,0.2,17,3.9,2.2,0.27
DDO_52,50.7,13.4,55.1,2.9,10.3,,5.27,1.3,37.1,0.94,2.49,[0;],1.2,0.27,0.29,17.3,4.2,2.4,0.2
11_DDO_87,52.0,9.1,42.7,7.3,7.4,,3.3,0.8,31.0,1.13,1.51,[0;],1.13,0.25,0.27,17.6,2.7,4.6,0.31
DDO_154,46.7,5.1,67.9,1.1,3.7,,0.835,0.2,30.9,0.54,2.34,[0;],1.26,0.05,0.05,14.2,0.17,0.24,2.14
DDO_210,17.8,9.5,63.2,3.2,0.9,,0.068,0.017,0.33,0.22,0.25,[0.2;],0.068,0.04,0.13,21.4,5.2,5.5,0.65
NGC_2366,58.8,5.4,65.1,4.2,3.4,,6.95,1.73,103,1.54,2.69,[0;],2.4,0.54,0.49,17.3,2.4,4.5,0.48
UGC_8508,32.1,6.2,67.6,5.3,2.6,,0.764,0.191,3.5,0.31,1.1,[0;],0.63,0.2,0.5,21.0,4.8,5.3,0.05
CVnIdwA,22.4,3.9,49.2,10.9,3.6,,0.41,0.1,6.42,0.68,1.18,[0;],0.17,0.05,0.1,21.4,5.3,5.4,0.21
DDO_126,39.2,3.1,62.2,2.9,4.9,,1.61,0.4,18.7,0.82,1.51,[2;],0.58,0.1,0.2,20.6,4.7,5.9,0.16
DDO_168,56.3,7.2,47.3,7.4,4.3,,5.9,1.48,45.8,0.82,1.51,[0;],2.1,0.48,0.52,16.8,2.0,3.2,0.24
 