#z, Mstel/Msun, Mh/msun
5.8,8.20,0.14,10.52,-0.10,+0.05
5.8,8.60,0.14,10.79,-0.08,+0.05
5.8,9.00,0.14,10.99,-0.07,+0.05
5.8,9.40,0.14,11.22,-0.07,+0.05
5.8,9.80,0.14,11.43,-0.08,+0.06
5.8,10.20,0.14,11.76,-0.08,+0.09
5.8,10.60,0.14,>11.97
6.79,8.25,0.17,10.61,-0.09,+0.05
6.79,8.70,0.14,10.83,-0.08,+0.05
6.79,9.10,0.14,11.00,-0.08,+0.05
6.79,9.50,0.14,11.19,-0.08,+0.05
6.79,9.90,0.14,11.42,-0.09,+0.08
6.79,10.30,0.14,>11.62
7.68,8.40,0.17,10.71,-0.10,+0.07
7.68,8.90,0.17,10.92,-0.09,+0.07
7.68,9.35,0.14,11.13,-0.09,+0.07
7.68,9.75,0.14,11.31,-0.10,+0.10
7.68,10.15,0.14,>11.41
8.90,8.25,0.17,10.55,-0.12,+0.12
8.90,8.75,0.17,10.85,-0.11,+0.09
8.90,9.50,0.34,>10.93
9.75,8.25,0.17,10.77,-0.11,+0.10
9.75,8.75,0.17,>10.76